159867070
163012510
275728803
275728896
163087295
163087300
275733801
275733667
275759521
275734473
275757919
155140867
163011963
163087296
163012342
163012347
163012075
275726965
358650920
358651373
358651344
358651345
358648738
358651369
358651350
225250257
155170342
155197715
155197717
155197716
155197729
155197720
155104038
155104037
155197732
155197718
218051983
218051985
155104040
155197736
155197737
155197735
155197722
155104041
155104039
155170344
155197726
155170346
155197725
155197721
155197727
155170343
155170345
155104035
155104034
155104036
168554417
158531804
158285894
358648744
358650930
358862900
158322995
165265612
165265616
175808793
165265621
165265619
155077041
165265620
165265618
155086499
155082846
155078615
155086496
155079512
155083293
175808794
396776210
396772580
396646586
396645329
155079536
155077696
175773514
155086500
165265591
248306354
248347261
248307988
470849601
470852003
248785781
165265599
380226950
380226956
380228957
380226971
380228964
380226963
396637164
396795571
396641570
396652939
380229996
380226944
380229992
380229988
380230000
380227969
380230004
246253609
246253695
246253627
246253818
247454172
245907850
248279744
248328135
248290757
248305595
248298590
248774082
248284001
248290051
248289809
248308058
396773261
396798426
396772890
396773796
248333391
248307838
317983654
317943658
292154224
292132031
292126631
317958316
205142499
205142501
171136898
171136985
171136984
171136979
205142491
171136981
171136897
171136987
475498415
358651359
358648753
358651366
358651353
162115270
169978715
169978720
155092247
169949367
155090163
155089365
155080551
162115269
155079740
162115271
155079668
155088892
162115272
169978724
169978722
170036310
162115268
169972658
169972656
169972657
170036306
248279357
248279570
248334060
244647575
244611349
180034068
205766826
205767110
205780092
317953909
244612009
244615725
257722238
180034065
389445651
180062612
440892828
244615518
244649288
205765994
355119428
355120900
326578057
175773516
175773515
182547240
316395004
316021548
316875616
316962921
315959194
315946462
176862811
155135334
289391985
291726004
155146524
154087904
154087903
154087902
162301257
158322996
160542237
289369954
466290342
466391089
466284690
466280987
466284370
466285117
466281332
466349841
466287187
475511418
483863167
160529901
155084618
160542553
160542552
162490520
155140868
160542554
160532059
370926217
162301304
162301301
162301290
432375436
432357411
432365526
432364808
432365529
432365250
432443247
163061457
163082581
163056209
163083862
160411327
218268064
158600877
218272038
158604428
268876680
160411328
159926162
218272039
158324630
160532060
160532062
160542589
160532061
162409146
160542232
155146392
155091867
162409148
160542235
160542590
160532063
160542231
162407663
160542588
160542233
160542591
160542230
160542236
162408759
155082353
155082355
155079220
171490715
160542587
160542234
162370059
160542238
218477788
218267902
264803323
264791816
264804856
264792411
179698395
179698394
179698393
179698392
164923706
167023268
167025911
170517978
170705670
170705662
202779221
158601542
202913608
158319318
202753294
158322531
475524696
182677937
182677938
162279611
162772915
162611737
155764287
258854186
155191489
158494982
158494983
165271557
258517536
165212738
165212737
206018426
258517024
155091476
258516303
165212021
162742056
155084179
162747116
155079719
165212022
309042813
309019028
308941996
308939065
322248648
322245426
322244994
206423972
206396880
162749727
162784560
162784567
162784571
169899771
164543062
164543063
164543064
155764641
165168898
165168902
165168906
165168907
165168904
155764640
258518649
155764642
157559966
258518513
196068810
258518042
169186265
170263405
170263424
157560721
169186274
258518544
169186264
165168897
162613557
162613556
161300098
155083748
162749722
196141381
155079015
155079016
155764311
233505206
155764312
258516396
155184671
258518587
155196372
164540120
164540122
164540121
164540124
164540125
164540123
165168895
309008694
158494986
370869274
165212736
165212740
165212739
233386744
233400482
233386779
309008598
163045541
163046847
163052794
155764286
196068811
163046122
159787874
159787876
157970232
158285371
170398530
158285895
158325852
496163364
495865070
495866755
498394959
