32290303
32290304
32290305
32290306
32290308
32290299
32290302
32290301
45694724
45694722
45702505
45694725
45694720
45694721
45694723
10309956
11117030
11117014
11117017
11117016
18837775
11117029
11117018
11117031
11117028
11117035
11117015
17978185
17978066
11117039
11117042
11117021
11117043
11117044
11117026
11117027
10303311
10525326
64301210
8556025
8556007
45692712
45692710
45692711
63363037
8556010
50850790
50851424
49310332
49310331
6901268
6901284
10184831
6901269
6901285
10184832
6901262
6901263
10184833
6901264
6901265
10184834
59436803
59437638
16307157
25660234
16307158
16307160
47683434
6901259
47683431
47683438
47683436
47683437
6901261
47683432
49310328
49310329
49310334
49310330
47683435
47683430
47683441
6901260
47683433
47683442
47683439
47683440
24842303
24842304
24842301
24842302
16307162
24842305
25660235
25660245
10184844
25660236
25660237
16307163
10184845
25660238
25660239
25660240
16307166
25660241
16307168
25660242
16307170
50852292
50850272
50852070
50849689
25660243
25660244
16646164
16646165
16646166
61112426
45692715
45692713
45692714
45692709
7029311
7029312
7029313
10525488
10525489
10525487
7029314
7029315
7029316
7029308
7029310
13308714
13308715
13308716
13308717
13308718
13308719
13308720
13308721
13308710
13308711
25660232
13308712
25660233
13308708
13308709
25660231
48429944
48432125
13800279
39701820
39701815
39701816
39701814
39701818
39701819
12585009
10309942
35144248
10524926
35143553
6991217
9854091
8556009
8556026
7029317
35144785
58292665
58292666
58292667
58292662
58292664
58292661
58292659
58292660
58292663
61113397
3372220
3372219
7026073
7026074
3372217
3372218
7026076
7026075
64702920
46292006
10309955
10309950
53546875
53546873
53546876
53546870
53546872
53546871
53546874
6979620
6979619
6979621
6979622
8556022
8556020
18632624
8556029
8556021
18632622
8556017
30029139
8556024
8556023
64300475
8556019
18632623
8556016
7026080
7026087
7026077
7026084
7026079
7026092
3372221
7026085
3372223
7026093
3372222
7026086
3372224
7026094
3372216
7026091
7026078
7026088
7026081
7026095
7026071
7026089
7026082
7026096
7026072
7026090
7026083
7026097
18831761
28902713
8556014
18831762
28902711
28902710
28902708
11693700
11693701
61112079
11693702
13800278
13800277
10310213
10310214
10310211
6979609
27127656
10309328
10309327
10309323
27127652
10309324
10309325
16741854
27127657
6979615
10309330
6979607
10309331
6979596
6979597
6979595
27127658
38447527
38447526
38447528
38447530
40648841
40648842
40648840
16828643
16828642
10309335
10309336
10309334
11512113
7189639
6979631
7189664
7189665
7189667
7189666
7189668
6979628
27127659
10309332
6979632
10309326
27127653
15226129
27127660
11350402
11512126
11512127
6979634
11350403
27127654
11350401
7189684
6979626
7189687
7189688
6979627
6979603
10309333
15226130
10573835
10573836
21028543
10573847
10573846
27127655
10573849
10573850
10573851
6979605
27127661
6979606
7189647
7189646
7189649
7189648
7189645
6979637
7189660
7189659
7189658
6979642
38447532
10309329
46293366
21028540
21028541
21028542
38447529
15226131
6979624
6979612
6979625
6979639
10294723
10294724
13193018
13193020
7029307
11794234
11794235
11794236
11794237
11794238
11794239
11794240
11794241
3373496
7029326
3373502
3373503
3373497
7029325
7029319
8556027
8556006
11660877
8556005
8556011
