218051985
155197735
155197722
165265612
165265616
165265618
155078615
155079512
175808794
248307988
165265599
380229992
248774082
317943658
475498415
155079668
169978724
169978722
170036310
162115268
169972658
169972656
170036306
248279570
248334060
244611349
180034068
205767110
205780092
180034065
205765994
316021548
316962921
315959194
315946462
154087902
466290342
466391089
466284690
466280987
466284370
466285117
466281332
466349841
466287187
475511418
483863167
160532059
162301301
432443247
158600877
179698395
167023268
170705662
202779221
202913608
202753294
475524696
162279611
155191489
258516303
164543062
165168898
165168902
165168906
165168907
165168904
258518587
164540120
164540122
164540121
370869274
496163364
495866755
